

28.3.2020 18:14:32
Screen resloution: 3840x2097
Screen space threshold: 5.00
 178  181  211  219  239  254  252  238  244  250  252  248  243  243  241  238  216   64   21  326  179  160  332  336  276  245  240  264  265  244  222  223  222  223  214  218  214  219  211  216  214  206  209  207  212  204  228  241  250  259  241  224 

8.4.2020 0:30:0
Screen resloution: 1280x1024
Screen space threshold: 5.00
 388  345  342  354  371  386  380  382  374  364  368  362  366  364  361  377  348  330  341  355  425  440  449  461  399  371  362  370  377  357  354  347  366  387  384  344  210  198  247  243  243  237  244  250  253   46  164  227  230  242  219  205  211  199  192  188  187  192  190  187  192  194  198  201  245  336  338  429  484  485  400  366  384  375  381  387  379  367  372  381  297  292  401  405  398  384  382  304  403  374  395  391 